# Bandpass filter coefficients 
# Created using T-Filter tool: http://t-filter.engineerjs.com/
#
# From   To      Gain  Ripple/Att  Actual
# 0 Hz   0.5 Hz  0     -40 dB      -40.05 dB
# 1 Hz   49 Hz   1       1 dB        0.75 dB
# 50 Hz  125 Hz  0     -40 dB      -40.05 dB
#
# Taps: 741

-0.009129683890289314
-0.008272467424024404
-0.006095296624217544
-0.0014249051371966687
0.0020077323477125687
0.001930602771846631
-0.0003877265477721452
-0.0018628647438535724
-0.001044351728678594
0.0006408980921496579
0.001013238457595127
-0.00017873286501047804
-0.0012261136720474939
-0.0008129967673338787
0.0003764302921573622
0.000726193296789809
-0.0001502712516083952
-0.001004545800400884
-0.0007003065678236383
0.0002957879648199967
0.000619393198318327
-0.00013202781156015014
-0.0009007797484034938
-0.000641814191312221
0.00027143855214171086
0.0005896254451958834
-0.00010249990077836528
-0.0008400901134885874
-0.000610500206274826
0.0002697536519527149
0.000600653925550741
-0.00005912002221730947
-0.0007957988097262322
-0.0005935612307944734
0.0002786013637516141
0.0006363151461900205
-0.000002110579964506876
-0.0007564266687174826
-0.0005846702029229123
0.0002924998325674905
0.0006880432296142035
0.00006756434440237513
-0.0007158166343761433
-0.0005795705813231429
0.00030877806035390325
0.0007510682729109625
0.00014912320429098303
-0.0006710234247867979
-0.0005759763515600692
0.00032656373724772184
0.0008225505310780919
0.00024147931650511556
-0.0006200341753985063
-0.0005719542713991826
0.0003451647090458957
0.0009007597948550811
0.0003441147687663068
-0.0005623808462479148
-0.0005676049884205042
0.0003624148111995178
0.000982633325650973
0.0004555605347494022
-0.0004973287110916297
-0.0005619582650237318
0.00037823107986298523
0.0010669512949263308
0.0005752961983272098
-0.000423388719197702
-0.0005529770906785134
0.0003929298478640613
0.001152198556171813
0.0007012541317458602
-0.0003422850056245373
-0.0005416547083780687
0.00040474661514046866
0.001236849951827121
0.0008326282073717061
-0.0002532620620201304
-0.0005279303837898707
0.0004140278247672331
0.0013202490251365054
0.0009697778993301131
-0.0001565994138692624
-0.0005121473279375203
0.00041810563429452033
0.0013993145066082675
0.001109886301098861
-0.00005264588578695658
-0.0004933011873491224
0.0004185138174485856
0.0014746253994614104
0.0012523343389077683
0.00005718175351228281
-0.0004730612516521739
0.00041382647444490855
0.0015442520729003848
0.0013958747530047036
0.00017210405052811846
-0.0004513979380971296
0.00040339551150236674
0.0016071204827641183
0.0015384569519673707
0.00029202777478623586
-0.0004277583732988507
0.0003867916695696551
0.0016607769958652692
0.0016777910671900975
0.0004156302045206169
-0.00040197167622086163
0.0003638094306249413
0.001704620607921806
0.0018137978459998438
0.0005423521294091972
-0.0003761328426257918
0.0003320867927729442
0.001736829879805679
0.0019452447784222562
0.0006722778835111694
-0.00034955287121228183
0.0002920068213899051
0.0017568987559828176
0.0020696828129119008
0.0008014573039752622
-0.00032423340651559814
0.00024365474786759836
0.00176391398253836
0.002185608540757414
0.0009309789787227521
-0.0002974634992676146
0.00018755016880833063
0.0017553631460825118
0.0022898384661321045
0.0010584951421622535
-0.0002719709491724424
0.00012026418000368582
0.0017298187483868318
0.0023845972321957535
0.0011865138416736075
-0.00024716215139899815
0.00004299277388177373
0.0016888767868889047
0.0024663771301413877
0.0013077422054406738
-0.0002257282440930139
-0.00004310269412807124
0.001629148687741948
0.0025300815094591107
0.0014246380186940589
-0.00020291754388222907
-0.00014001628968313002
0.0015489660185913252
0.0025815005030762755
0.001538619587568115
-0.00018514682576134897
-0.00024759801118291025
0.0014528923888858952
0.0026127691805618953
0.0016419289355729036
-0.0001657491315714989
-0.0003654563653053642
0.0013306045830972976
0.00262754586422397
0.0017387262152346223
-0.0001540801094935301
-0.0004910858267182549
0.0011885272439001032
0.0026201437761564955
0.001824848341513547
-0.00014145824694600186
-0.0006324976751699973
0.0010293202888032615
0.002588118631702416
0.0019033365092330468
-0.00013475929966558754
-0.0007809549303892098
0.0008447156297459528
0.002535485374402473
0.001968350934827607
-0.0001306202525006683
-0.0009397615141394748
0.000637537205299988
0.002457791921642604
0.0020197478937976784
-0.00013070994717912098
-0.0011083297044176678
0.0004074426855714183
0.002354012680814523
0.002056333255783065
-0.00013547438983849307
-0.0012866992449444422
0.00015382399990229525
0.0022234429200299354
0.002077588842820228
-0.00014456423419911046
-0.0014734988417316114
-0.00012115545964674852
0.002068304426218415
0.0020875034616998902
-0.00015047693363176728
-0.0016582929877563201
-0.00040726171465141613
0.0018962702082315492
0.00208924942037991
-0.00015701522883752961
-0.0018541675906226065
-0.0007273125541620881
0.0016776159180737892
0.0020538932489943887
-0.0001817193606060717
-0.002059931068506615
-0.0010601267554514958
0.0014484865637535641
0.002022121835718617
-0.0001927841583418803
-0.0022640999932830525
-0.0014194817844472695
0.0011763342587737598
0.0019590369591950415
-0.00021060815704537672
-0.0024648379341098378
-0.0017855619917595395
0.0008858950930990537
0.0018804610639636195
-0.0002347540658745166
-0.002674443801158985
-0.0021738125663086283
0.0005687515867564735
0.0017897122766976328
-0.00025355846962021026
-0.0028811266886429833
-0.0025809743722071954
0.00021838197993323001
0.0016777407576018329
-0.0002698687721791518
-0.0030795989419827507
-0.0029986441160374
-0.00016054323348832766
0.0015431810317319268
-0.00028743058684023833
-0.003271981984457437
-0.0034248106778225038
-0.0005640575970210152
0.001390483286923626
-0.00030522571262603035
-0.003458799200518477
-0.0038618318110148157
-0.000991561232816428
0.0012210408643258978
-0.0003189298074207223
-0.0036376246200242606
-0.004308369221003964
-0.0014454029594911952
0.0010343466293399881
-0.00032662647700711404
-0.0038042695234573047
-0.004762666346561883
-0.0019263531172436924
0.0008290886878451621
-0.00032603613870903
-0.003953481823851526
-0.005221266894882004
-0.002433664827410306
0.0006049486126370949
-0.00031626420195778407
-0.004082916171044917
-0.005681925329538023
-0.002967873367297228
0.0003613030595778033
-0.00029697661066063063
-0.00419001809579177
-0.006140767742003287
-0.003526766928804855
0.0000976408385496009
-0.00026602264916631503
-0.004270619298062512
-0.00659590688299992
-0.004110564510607864
-0.00018556921876188628
-0.0002216931668688228
-0.004322137846249103
-0.007046272801568968
-0.004720629539153541
-0.00048769104172241285
-0.00015909790656237942
-0.0043393003887769255
-0.007489639328093909
-0.005357567924694758
-0.000810486045548175
-0.00007674635650520355
-0.004316154911603064
-0.007922656554280144
-0.0060253708453000725
-0.0011575377327206393
0.000029541405375983473
-0.00424573381350623
-0.00834273616700164
-0.006724467747139994
-0.001528171400761442
0.00016264321321987084
-0.004123637303386925
-0.008748087758140899
-0.007459159355977562
-0.0019259835621972987
0.0003297935153285703
-0.003938133710125668
-0.009138153481492484
-0.008239457798649492
-0.002355291417644016
0.0005390737258142859
-0.0036776126356245454
-0.009508943774879226
-0.009072715214782732
-0.0028252914477719707
0.0007954415667515619
-0.0033260156316302137
-0.00985714750880259
-0.009972293029052382
-0.003341669980121682
0.0011134593818912346
-0.0028662543371422377
-0.010184089197893533
-0.010960161694768244
-0.0039197971219079725
0.0015121521826393293
-0.0022630327589432528
-0.010485323663744791
-0.012067030356189778
-0.004582878162343372
0.0020094923718917508
-0.001478664993996621
-0.010759868374483587
-0.013338944514173385
-0.0053579205345259204
0.0026509011866696804
-0.00044357016222505604
-0.0110054058773735
-0.014858513627962715
-0.006304041208354752
0.003487925383714103
0.0009472383005378313
-0.011223004460870767
-0.016752324617338974
-0.007507795737732802
0.004634665186535387
0.0028909978082216525
-0.011406010229381848
-0.019266023944007407
-0.009145000338272487
0.006284415425166141
0.005754293294341581
-0.011559420947482196
-0.022906349970237123
-0.011582631719937944
0.008871976885636628
0.01037702142667408
-0.01168013479472714
-0.028895485497313002
-0.015748282482446203
0.013557708763946519
0.019123459128817036
-0.011766335422040879
-0.041183619298230285
-0.024900840087318316
0.02480709772589281
0.04223145840692503
-0.011817665386134725
-0.0834802623394707
-0.06402658153661288
0.09175228832963365
0.29470738389327655
0.3881654398034463
0.29470738389327655
0.09175228832963365
-0.06402658153661288
-0.0834802623394707
-0.011817665386134725
0.04223145840692503
0.02480709772589281
-0.024900840087318316
-0.041183619298230285
-0.011766335422040879
0.019123459128817036
0.013557708763946519
-0.015748282482446203
-0.028895485497313002
-0.01168013479472714
0.01037702142667408
0.008871976885636628
-0.011582631719937944
-0.022906349970237123
-0.011559420947482196
0.005754293294341581
0.006284415425166141
-0.009145000338272487
-0.019266023944007407
-0.011406010229381848
0.0028909978082216525
0.004634665186535387
-0.007507795737732802
-0.016752324617338974
-0.011223004460870767
0.0009472383005378313
0.003487925383714103
-0.006304041208354752
-0.014858513627962715
-0.0110054058773735
-0.00044357016222505604
0.0026509011866696804
-0.0053579205345259204
-0.013338944514173385
-0.010759868374483587
-0.001478664993996621
0.0020094923718917508
-0.004582878162343372
-0.012067030356189778
-0.010485323663744791
-0.0022630327589432528
0.0015121521826393293
-0.0039197971219079725
-0.010960161694768244
-0.010184089197893533
-0.0028662543371422377
0.0011134593818912346
-0.003341669980121682
-0.009972293029052382
-0.00985714750880259
-0.0033260156316302137
0.0007954415667515619
-0.0028252914477719707
-0.009072715214782732
-0.009508943774879226
-0.0036776126356245454
0.0005390737258142859
-0.002355291417644016
-0.008239457798649492
-0.009138153481492484
-0.003938133710125668
0.0003297935153285703
-0.0019259835621972987
-0.007459159355977562
-0.008748087758140899
-0.004123637303386925
0.00016264321321987084
-0.001528171400761442
-0.006724467747139994
-0.00834273616700164
-0.00424573381350623
0.000029541405375983473
-0.0011575377327206393
-0.0060253708453000725
-0.007922656554280144
-0.004316154911603064
-0.00007674635650520355
-0.000810486045548175
-0.005357567924694758
-0.007489639328093909
-0.0043393003887769255
-0.00015909790656237942
-0.00048769104172241285
-0.004720629539153541
-0.007046272801568968
-0.004322137846249103
-0.0002216931668688228
-0.00018556921876188628
-0.004110564510607864
-0.00659590688299992
-0.004270619298062512
-0.00026602264916631503
0.0000976408385496009
-0.003526766928804855
-0.006140767742003287
-0.00419001809579177
-0.00029697661066063063
0.0003613030595778033
-0.002967873367297228
-0.005681925329538023
-0.004082916171044917
-0.00031626420195778407
0.0006049486126370949
-0.002433664827410306
-0.005221266894882004
-0.003953481823851526
-0.00032603613870903
0.0008290886878451621
-0.0019263531172436924
-0.004762666346561883
-0.0038042695234573047
-0.00032662647700711404
0.0010343466293399881
-0.0014454029594911952
-0.004308369221003964
-0.0036376246200242606
-0.0003189298074207223
0.0012210408643258978
-0.000991561232816428
-0.0038618318110148157
-0.003458799200518477
-0.00030522571262603035
0.001390483286923626
-0.0005640575970210152
-0.0034248106778225038
-0.003271981984457437
-0.00028743058684023833
0.0015431810317319268
-0.00016054323348832766
-0.0029986441160374
-0.0030795989419827507
-0.0002698687721791518
0.0016777407576018329
0.00021838197993323001
-0.0025809743722071954
-0.0028811266886429833
-0.00025355846962021026
0.0017897122766976328
0.0005687515867564735
-0.0021738125663086283
-0.002674443801158985
-0.0002347540658745166
0.0018804610639636195
0.0008858950930990537
-0.0017855619917595395
-0.0024648379341098378
-0.00021060815704537672
0.0019590369591950415
0.0011763342587737598
-0.0014194817844472695
-0.0022640999932830525
-0.0001927841583418803
0.002022121835718617
0.0014484865637535641
-0.0010601267554514958
-0.002059931068506615
-0.0001817193606060717
0.0020538932489943887
0.0016776159180737892
-0.0007273125541620881
-0.0018541675906226065
-0.00015701522883752961
0.00208924942037991
0.0018962702082315492
-0.00040726171465141613
-0.0016582929877563201
-0.00015047693363176728
0.0020875034616998902
0.002068304426218415
-0.00012115545964674852
-0.0014734988417316114
-0.00014456423419911046
0.002077588842820228
0.0022234429200299354
0.00015382399990229525
-0.0012866992449444422
-0.00013547438983849307
0.002056333255783065
0.002354012680814523
0.0004074426855714183
-0.0011083297044176678
-0.00013070994717912098
0.0020197478937976784
0.002457791921642604
0.000637537205299988
-0.0009397615141394748
-0.0001306202525006683
0.001968350934827607
0.002535485374402473
0.0008447156297459528
-0.0007809549303892098
-0.00013475929966558754
0.0019033365092330468
0.002588118631702416
0.0010293202888032615
-0.0006324976751699973
-0.00014145824694600186
0.001824848341513547
0.0026201437761564955
0.0011885272439001032
-0.0004910858267182549
-0.0001540801094935301
0.0017387262152346223
0.00262754586422397
0.0013306045830972976
-0.0003654563653053642
-0.0001657491315714989
0.0016419289355729036
0.0026127691805618953
0.0014528923888858952
-0.00024759801118291025
-0.00018514682576134897
0.001538619587568115
0.0025815005030762755
0.0015489660185913252
-0.00014001628968313002
-0.00020291754388222907
0.0014246380186940589
0.0025300815094591107
0.001629148687741948
-0.00004310269412807124
-0.0002257282440930139
0.0013077422054406738
0.0024663771301413877
0.0016888767868889047
0.00004299277388177373
-0.00024716215139899815
0.0011865138416736075
0.0023845972321957535
0.0017298187483868318
0.00012026418000368582
-0.0002719709491724424
0.0010584951421622535
0.0022898384661321045
0.0017553631460825118
0.00018755016880833063
-0.0002974634992676146
0.0009309789787227521
0.002185608540757414
0.00176391398253836
0.00024365474786759836
-0.00032423340651559814
0.0008014573039752622
0.0020696828129119008
0.0017568987559828176
0.0002920068213899051
-0.00034955287121228183
0.0006722778835111694
0.0019452447784222562
0.001736829879805679
0.0003320867927729442
-0.0003761328426257918
0.0005423521294091972
0.0018137978459998438
0.001704620607921806
0.0003638094306249413
-0.00040197167622086163
0.0004156302045206169
0.0016777910671900975
0.0016607769958652692
0.0003867916695696551
-0.0004277583732988507
0.00029202777478623586
0.0015384569519673707
0.0016071204827641183
0.00040339551150236674
-0.0004513979380971296
0.00017210405052811846
0.0013958747530047036
0.0015442520729003848
0.00041382647444490855
-0.0004730612516521739
0.00005718175351228281
0.0012523343389077683
0.0014746253994614104
0.0004185138174485856
-0.0004933011873491224
-0.00005264588578695658
0.001109886301098861
0.0013993145066082675
0.00041810563429452033
-0.0005121473279375203
-0.0001565994138692624
0.0009697778993301131
0.0013202490251365054
0.0004140278247672331
-0.0005279303837898707
-0.0002532620620201304
0.0008326282073717061
0.001236849951827121
0.00040474661514046866
-0.0005416547083780687
-0.0003422850056245373
0.0007012541317458602
0.001152198556171813
0.0003929298478640613
-0.0005529770906785134
-0.000423388719197702
0.0005752961983272098
0.0010669512949263308
0.00037823107986298523
-0.0005619582650237318
-0.0004973287110916297
0.0004555605347494022
0.000982633325650973
0.0003624148111995178
-0.0005676049884205042
-0.0005623808462479148
0.0003441147687663068
0.0009007597948550811
0.0003451647090458957
-0.0005719542713991826
-0.0006200341753985063
0.00024147931650511556
0.0008225505310780919
0.00032656373724772184
-0.0005759763515600692
-0.0006710234247867979
0.00014912320429098303
0.0007510682729109625
0.00030877806035390325
-0.0005795705813231429
-0.0007158166343761433
0.00006756434440237513
0.0006880432296142035
0.0002924998325674905
-0.0005846702029229123
-0.0007564266687174826
-0.000002110579964506876
0.0006363151461900205
0.0002786013637516141
-0.0005935612307944734
-0.0007957988097262322
-0.00005912002221730947
0.000600653925550741
0.0002697536519527149
-0.000610500206274826
-0.0008400901134885874
-0.00010249990077836528
0.0005896254451958834
0.00027143855214171086
-0.000641814191312221
-0.0009007797484034938
-0.00013202781156015014
0.000619393198318327
0.0002957879648199967
-0.0007003065678236383
-0.001004545800400884
-0.0001502712516083952
0.000726193296789809
0.0003764302921573622
-0.0008129967673338787
-0.0012261136720474939
-0.00017873286501047804
0.001013238457595127
0.0006408980921496579
-0.001044351728678594
-0.0018628647438535724
-0.0003877265477721452
0.001930602771846631
0.0020077323477125687
-0.0014249051371966687
-0.006095296624217544
-0.008272467424024404
-0.009129683890289314
